[
   [
      [
         5.956383001209973,
         -2.4456612678767233,
         -1.6775833381310923,
         -1.4892830309023204,
         2.446920335925819,
         -1.014768810249369,
         0.1825952634884648,
         1.748374306961908
      ],
      [
         1.0826081778424197,
         -0.9246303749872804,
         0.07106794780801205,
         -0.8475002209812212,
         0.903741137167416,
         0.477370913044054,
         0.014975518392937657,
         -10.083660018409427
      ],
      [
         -2.0637982652529314,
         1.7361719467620669,
         -0.27483743189487525,
         2.608319671964343,
         -1.7586326435096857,
         5.726881605405642,
         -0.002738163340920184,
         3.7758186228764234
      ],
      [
         0.01480682147448518,
         -0.3084037382294146,
         0.05266394386516794,
         -0.02156712846219918,
         -0.5978782706948798,
         0.12278096107070112,
         -0.01533668338745017,
         0.47752410841561005
      ],
      [
         2.2767193144247,
         0.3922239618060961,
         1.773484969170752,
         4.078300863903468,
         -4.407357302564346,
         1.3656639297421729,
         0.13512282226348132,
         2.1626926181870405
      ],
      [
         -0.02941053255508057,
         0.3231439262127254,
         -0.05235136544970361,
         0.03052867056014232,
         0.634472797717357,
         -0.13746958472577772,
         0.012430301953793356,
         10.92228579194469
      ],
      [
         5.138672851268758,
         -4.2042710667937335,
         0.23500776597054276,
         -4.122443314948027,
         4.134489061645834,
         -2.0543662888768437,
         0.022494998873941227,
         -10.597457028870938
      ],
      [
         -0.8852408887695762,
         -2.1187872706962776,
         -0.08838633211291565,
         1.5799016800719778,
         2.1139120337531843,
         -0.9551555042418933,
         -0.020701127863779197,
         -28.76680919149037
      ],
      [
         -1.075234653124126,
         -2.2928085000934058,
         -0.08662193818116441,
         1.578396281628976,
         2.2488889969030854,
         -0.9805345175642332,
         -0.04720763127992585,
         3.2104363489488867
      ],
      [
         -1.1305742025584955,
         1.5649851025766353,
         -0.27451993807099945,
         1.0869987152664338,
         -1.5937538794137804,
         -2.713765757511806,
         -0.03171460231185465,
         20.98189195805041
      ],
      [
         4.9957513693472215,
         -3.646392086508878,
         0.3800265758193384,
         -6.440921980572954,
         3.6550701385335156,
         -22.277185998737245,
         -0.012289629953736666,
         8.349423753877488
      ],
      [
         -3.684781220159711,
         -1.97731588762663,
         0.031058697115517453,
         5.07386510954058,
         1.8621065437264432,
         -22.239109252410827,
         -0.016390491514369738,
         -12.85415417847844
      ],
      [
         0.5358094560343308,
         0.1900584324201618,
         -0.09690875745726703,
         -0.47462243787760366,
         -0.24980638140063371,
         1.1327428147812186,
         -0.008780394932690158,
         12.878831862383034
      ],
      [
         3.239469376768248,
         -0.7736459085872147,
         -1.6185289847901254,
         -5.991926068866678,
         0.4873709845151694,
         0.04763139301550339,
         0.32116721138129856,
         -1.7936919201641752
      ],
      [
         -0.1501371902526783,
         -3.254287576324516,
         -0.41010794744398277,
         -2.388028287783089,
         3.284418877061227,
         -1.7044882158884118,
         -0.09060733058137177,
         -0.809013778916309
      ],
      [
         -9.320704062137645,
         0.27271274793822015,
         -0.41770030239110056,
         11.80073256296796,
         -0.34059708897936314,
         48.852726419093436,
         -0.018931854320485882,
         -49.033404213304586
      ],
      [
         -5.028793422270684,
         -1.1768312848546503,
         0.0367859283342611,
         6.7011810195485415,
         1.1680272335229718,
         -30.763604066079406,
         -0.052701679791292255,
         -23.67533024476629
      ],
      [
         0.06805732305896064,
         1.9449741554721447,
         -0.10721375639696197,
         -0.7306075806593278,
         -1.9387126825289063,
         3.4503027665995707,
         0.03440587380069944,
         1.9091329382944795
      ],
      [
         1.646320317169233,
         2.283643917897563,
         -0.014632008961487246,
         -2.7523616366648525,
         -2.2135642850322887,
         10.788649948363895,
         0.019061010754097687,
         9.452116909933096
      ],
      [
         -0.8767328828028169,
         -0.9436259065240498,
         0.06470105254591323,
         0.4950373857492739,
         0.935574486392671,
         0.26686761796131814,
         -0.015294470900216814,
         2.98202164441154
      ],
      [
         -1.997213656358161,
         1.5682298103038694,
         -0.920508161556686,
         -1.4905077151314718,
         3.0543804871611497,
         -1.4416889666546446,
         0.02313001048287357,
         -0.8359383383567965
      ],
      [
         2.4083645251643877,
         2.4855914343218557,
         -0.23356287919469132,
         -1.3957691166766837,
         -2.4808152537845096,
         0.48909264787209666,
         -0.01991162727875412,
         -21.039442856838093
      ],
      [
         0.3129289950489923,
         0.49211699545990983,
         0.3794348732489369,
         -0.1366476225935361,
         -0.37275585448612797,
         0.3631728383565008,
         0.04224231224623225,
         9.703683261462835
      ],
      [
         -0.42617067409601356,
         -0.08053079270907422,
         -0.12565891936007853,
         -0.9475319506282548,
         0.10330358305154018,
         -0.1006492579125995,
         -0.1779681158980488,
         0.028120051856034365
      ],
      [
         -0.15441539648379707,
         -0.2675519322864795,
         -0.7904524256239159,
         0.0065705604692551395,
         0.5880021637843306,
         0.3606411604550249,
         -0.08201720464710899,
         -10.113394498487192
      ],
      [
         -0.0132983637469501,
         0.29877952426542725,
         -0.043683525644451174,
         0.022399101497610256,
         0.5917913717138512,
         -0.10678320375002352,
         -0.008217407313400664,
         6.5562804636589815
      ],
      [
         0.020576470544575523,
         -0.29589326007326056,
         0.052853148283706054,
         -0.03214002384029641,
         -0.5796540181849268,
         0.11140963391277671,
         -0.002780097984539362,
         -2.9545335570319606
      ],
      [
         6.018546768213829,
         0.907525132321277,
         -0.13048492205589202,
         -8.13967739338675,
         -0.9007902477649954,
         36.29897311960324,
         0.05959895831176815,
         48.28349858617664
      ],
      [
         -2.0489386560885956,
         -1.3655551479846713,
         0.15229864875117874,
         1.334102739345079,
         1.341121553734797,
         1.6875109502930907,
         0.025473818330263596,
         15.951962486512576
      ],
      [
         -9.612114791055124,
         3.540671959123586,
         -0.5979488429624634,
         11.63784475976978,
         -3.517763730409163,
         28.68583701057209,
         0.010301593146291066,
         -11.793082065499023
      ],
      [
         0.02134090561946856,
         0.12002448895753803,
         0.4588330872747755,
         -0.05203363318535988,
         -0.08249577721804333,
         0.14207692995495622,
         -0.039695251279372235,
         13.864778936744875
      ],
      [
         -0.8175342871085975,
         1.1578383982913134,
         0.005897163610833558,
         0.32888145702998395,
         -1.1093109288494778,
         -3.222429018496151,
         0.01619648568613548,
         8.005010784894298
      ],
      [
         19.317520220225816,
         0.4000510169918023,
         0.7387358709659307,
         -22.401432996667683,
         -0.1940452628377202,
         15.152677267845869,
         0.03959710849913252,
         30.308279521794265
      ],
      [
         -0.02729162272506068,
         0.3005419284436164,
         -0.043312393068143565,
         0.019373153868656436,
         0.5930139049949554,
         -0.13042697464437153,
         0.01615728571082478,
         -10.653152427447623
      ],
      [
         -0.025987039174493,
         0.43551923698601447,
         -0.06519128251458194,
         0.04701486260031721,
         0.851450482533365,
         -0.1752454230264611,
         -0.00516972655484426,
         -5.619507022403163
      ],
      [
         23.57159168436012,
         -3.551035032099287,
         1.0401986951584108,
         -27.164910562983035,
         3.609525247906106,
         -7.746505565313163,
         -0.0277280109993695,
         28.405432403062665
      ],
      [
         -0.7202898823867749,
         0.05330478427238852,
         0.19782459782042408,
         -0.3312834790500304,
         0.1271108852275749,
         0.1805378590430846,
         -0.26996654851013524,
         0.3337003928652916
      ],
      [
         1.8597902537491355,
         4.550076935247657,
         -0.37623989116085516,
         -0.37202086370564497,
         -4.63153726154378,
         11.204525041043604,
         -0.0009735400731933391,
         -19.566040480151088
      ],
      [
         -3.0573826837397804,
         -3.5991402709651354,
         0.060251436858308374,
         3.4421634748949925,
         3.9180314346615175,
         5.692016498750007,
         0.1622244375965503,
         31.81823679155043
      ],
      [
         -0.03174244809162812,
         0.2801691540331043,
         -0.041927913513610617,
         0.009210037409163126,
         0.506883581864316,
         -0.09122274721242025,
         0.009213755371183184,
         -5.9628217482722485
      ],
      [
         -0.03369779078380495,
         0.034236664672454925,
         -0.9360874729884251,
         -0.01201773477190068,
         -0.03644509862843866,
         -0.06397292371592597,
         -0.05684104961878304,
         1.9919683489073716
      ],
      [
         2.6882878213707326,
         0.977570940040013,
         0.07528468923732551,
         -0.5679491028255211,
         -0.9841498511350386,
         -4.720932897074427,
         -0.021764420584731194,
         11.506925355119629
      ],
      [
         3.260940896724389,
         3.128287220276471,
         -0.3942961346229653,
         -2.3973783736071077,
         -3.0695349318360226,
         -3.452541305181546,
         -0.010104014763117253,
         -34.59907610822134
      ],
      [
         0.02700948905245963,
         0.22417670639297152,
         -0.5180611720152373,
         0.1127856426029001,
         -0.24415266543923422,
         5.45740251282968,
         -0.0059754894975552805,
         -4.7253671250332765
      ],
      [
         -1.4443678193010117,
         -0.7401358392593124,
         -0.8202277769083522,
         -2.2806449567233527,
         2.939853645494497,
         -1.2256725032614213,
         -0.05092887902459798,
         -1.148792095670146
      ]
   ],
   [
      [
         0.8407896904562829,
         2.1916240368812288,
         1.2706053206921886,
         -0.03841564004956328,
         -0.43551846392350363,
         0.031669075490608906,
         2.0070951657853318,
         1.4456617164946994,
         1.3692245551819588,
         -2.0829294849491142,
         -1.4423306368613815,
         1.97939477591007,
         -0.8615804411174663,
         1.9097453709824457,
         0.6149288908276981,
         1.680843171758454,
         1.9681472673944755,
         -2.4197325964810066,
         -2.0446396608290076,
         -2.8676921744300228,
         -0.5179522069459147,
         2.3103244564284116,
         -0.10869684871196893,
         -8.879418369571212,
         -0.022610589845444697,
         0.03704195159815399,
         -0.05092101696773221,
         -2.0060859372625277,
         -2.24342891849585,
         1.510467148236615,
         0.08600542773694184,
         -2.11435107875746,
         -1.0628500440891673,
         0.11713087912408086,
         0.04312810587173027,
         -1.123124125378522,
         -9.080615701080557,
         2.1579391643384356,
         -1.3423906738403153,
         0.04263610620870882,
         -0.5490413506078503,
         -0.45005190120399097,
         2.4184694130424007,
         1.5376596166560814,
         -0.2882233598030523,
         8.601583701708376
      ],
      [
         -0.30826338751037435,
         -0.9669127515117798,
         -0.17355599083813059,
         -1.9859247334831367,
         -0.4546395499399069,
         2.0187503477767343,
         -0.12655961280275677,
         -0.8388672924071741,
         0.28712315489828855,
         0.06518437894445757,
         0.2719924242438357,
         -0.016730715371659648,
         -0.14050205459634166,
         -0.16161112640299408,
         -0.0012953756999880843,
         0.2210588048908877,
         -0.051630126690463754,
         0.1821443816663661,
         0.0969124178219844,
         -0.815178091299719,
         -0.0552977828096891,
         0.2247366224588494,
         0.9092206937109855,
         -0.0918063060450404,
         0.6124434785192255,
         1.9637886123603328,
         -1.980690710882602,
         0.17148552071149678,
         -0.42427824633772426,
         0.07165533839382514,
         -0.2540962717469466,
         0.6655428832367616,
         -0.10473142056032884,
         2.0026527623091814,
         1.6005286180735785,
         -0.1274400346224327,
         -0.3186551000294648,
         0.00011050059328271564,
         -0.5346571907653002,
         1.9942323877518342,
         0.1199494996681955,
         0.04831657443056554,
         0.5215153854488241,
         1.4982365386947645,
         0.22385799262426806,
         0.0432818240294041
      ],
      [
         -0.2293577213556545,
         -0.17862072764121908,
         -0.05938096448562861,
         -0.004469857819712355,
         0.08549933130039225,
         -0.0011538618993388076,
         -0.04622815892787292,
         -0.06541004759306475,
         -0.0494467342863392,
         -0.05298248202957634,
         0.012310115517827798,
         -0.05675418645929067,
         -0.08519501029063162,
         -0.25168183457690657,
         -0.020766730548654053,
         -0.044648469513779675,
         -0.05753472559639017,
         0.14793715606592472,
         0.07634986528443474,
         -0.13193984047054566,
         -0.004395344200499162,
         -0.031192196577458736,
         0.6028355452339317,
         -0.1754408012395308,
         -0.36319578555263904,
         0.011088999651821065,
         0.008789532750401695,
         0.0990696827909276,
         -0.04056536796542642,
         -0.04943926930561698,
         0.11244620201293787,
         0.11129134210451921,
         0.07919329134584857,
         0.0002741849126716155,
         0.0016257879869356715,
         0.07089739326362224,
         0.1948772083610048,
         -0.05400439662682179,
         -0.050106183409457855,
         -0.005158337366615597,
         -2.0438832604812096,
         -0.09008025432597122,
         -0.08416048027605376,
         -0.05492468675607072,
         -0.12520942284670605,
         -0.13072450076821593
      ],
      [
         -0.7704091633407383,
         -0.08430055423044819,
         2.263609175711073,
         -0.05035507850694458,
         -0.5772551944224134,
         0.0451796262210797,
         0.6617382906952913,
         1.6713310784671074,
         2.3569484555194524,
         -2.1906696713833957,
         -2.2104676730201076,
         2.155819113282253,
         -1.1219229169207696,
         0.2944070276075699,
         0.872392876159984,
         2.0234293021573246,
         2.101277821493085,
         -2.551095339384331,
         -2.372293098843256,
         -2.8604456410333547,
         -0.45683070279359367,
         1.970560265772944,
         -0.15732720802728095,
         -8.310004979334673,
         0.1492866218158826,
         0.03390560606333918,
         -0.06231540998266548,
         -1.969382243846922,
         -1.8722841182117678,
         1.7167360016933095,
         -0.10274383164047317,
         -2.4000398175321904,
         -1.4478787020864843,
         0.11043263323501436,
         0.054215742649888723,
         -1.4024008744261196,
         -8.50698809265506,
         2.0318331851235283,
         -0.8777917800423741,
         0.04208526015586415,
         -0.49045208956884,
         -0.8973575985646601,
         0.6798850352267349,
         0.3049397337776498,
         -0.233074724105578,
         8.767481140117221
      ],
      [
         0.44511624767513014,
         0.6526541142599133,
         -0.013203559409493042,
         -1.9902409702791282,
         -0.622652178212607,
         1.8588789713233762,
         -0.006834838025120839,
         0.5272563709927851,
         -0.1916276192703039,
         -0.06537766609903667,
         -0.0686247132038428,
         -0.01807314147770345,
         0.11596303627436536,
         -0.11540660076100995,
         -0.20847226692592669,
         -0.16878861291839192,
         0.017355039382999805,
         -0.06183272779340923,
         -0.028668450698158415,
         0.5138092935142928,
         0.13782734957731815,
         -0.1832995132173196,
         -0.06632849473203822,
         -0.23756140277015933,
         0.668379695276168,
         1.9687385928269743,
         -1.9791172488145221,
         -0.031324952510821395,
         0.3285687011190901,
         -0.10817397289369668,
         -0.04189279192898857,
         -0.49880618840967794,
         0.0811602928636689,
         1.8393920187896915,
         1.6136168158758983,
         0.11735192637403685,
         -0.7003298634092491,
         0.11503045828725846,
         0.38702915133989946,
         1.9847669914933213,
         0.04426059556204513,
         0.19167289186740483,
         -0.3531748696019127,
         -0.6177697970449525,
         0.4563542312930631,
         0.19612205740024893
      ],
      [
         -0.057296753785301906,
         -0.07401332393087486,
         -0.34804640569663553,
         -0.005148085441521837,
         0.17413283723978537,
         -0.005755399069631435,
         -0.4517711598320076,
         -0.02159883802860232,
         0.12913448301947925,
         -0.3214833895569651,
         0.1684754135329339,
         0.010751657944177151,
         -0.03697748782170417,
         -0.18445059069775652,
         -0.16794578591830933,
         0.058654805042003356,
         0.0033615046148144155,
         0.08335551840401471,
         0.0004414442683586654,
         -0.272151650828001,
         0.04880035959328307,
         -0.03587572314786374,
         0.301777615908688,
         0.006168556849627664,
         0.1199644381820841,
         0.005599166180442589,
         0.00043431987286954185,
         0.2145639041430121,
         0.055437763610782884,
         -0.14766202941001527,
         -0.06525516208478689,
         -0.3244202581204411,
         -0.13075693179666667,
         -0.006994688515159238,
         -0.008879295550476063,
         -0.02460020849195388,
         0.2991369012002848,
         0.5091714889194546,
         0.26451380867579755,
         -0.003626380615271872,
         -0.024664636323349268,
         -0.326441756739368,
         -0.1725028515735923,
         1.152234904458923,
         -0.1447027961181858,
         -0.1983095461637026
      ]
   ]
]
